SourceSystemTransactionIDs
401516522
401516522
401507110
401507110
401507107
401507107
401507107
401507107
401490978
401490978
401481549
401481549
401479239
401479239
401479236
401479236
401479233
401479233
141191116
141191116
141191116
141191112
141191112
141191107
141191107
141167524
141167524
141167524
141167523
141167523
141167486
141167486
141167485
141167485
141167481
141167481
141167481
141167460
141167460
141167435
141167435
141167435
141167434
141167434
141167433
141167433
141167433
141167432
141167432
141167431
141167431
141167423
141167423
141167423
141167422
141167422
141167422
141161681
141161681
141161681
141161681
141161673
141161673
141161673
141161672
141161672
141161672
141161666
141161666
141161666
141161650
141161650
141161648
141161648
141161648
141161631
141161631
141161631
141161620
141161620
141161620
141161619
141161619
141161619
141152817
141152817
141152817
141152817
141152817
141142010
141142010
141142010
141129218
141129218
141129197
141129197
141129197
141129173
141129173
141129173
141129123
141129123
141129123
141129122
141129122
141129122
141129121
141129121
141120630
141120630
141120145
141120145
141120145
141120120
141120120
141120120
141120120
141120120
141120120
141120094
141120094
141120093
141120093
141120093
141120092
141120092
141120092
141120091
141120091
141120091
141095746
141095746
141088354
141088354
141088353
141088353
141088339
141088339
141088339
141088334
141088334
141088334
141088333
141088333
141088333
141088332
141088332
141088332
141088331
141088331
141088316
141088316
141088316
141088315
141088315
141088315
141088314
141088314
141088314
141088313
141088313
141088313
141088312
141088312
141088312
141088311
141088311
141088311
141088310
141088310
141088310
141088304
141088304
141088304
141088303
141088303
141088303
141085421
141085421
141085421
141085384
141085384
141085384
141085383
141085383
141085383
141085381
141085381
141085381
141085363
141085363
141085363
141085362
141085362
141085362
141085348
141085348
141085348
141085339
141085339
141085339
141080259
141080259
141080259
141044211
141044211
141044211
141044210
141044210
141044210
141044209
141044209
141044208
141044208
141044208
141044190
141044190
141044190
141044160
141044160
141044159
141044159
141044159
141044011
141044011
141044011
141044011
141044010
141044010
141044010
141044010
141044009
141044009
141044009
141044009
141044009
141044008
141044008
141044008
141044008
141044008
141044007
141044007
141044007
141044007
141044007
141044006
141044006
141044006
141044006
141044006
141044005
141044005
141044005
141044005
141044005
141044004
141044004
141044004
141044004
141044004
141044003
141044003
141044003
141044003
141044003
141044002
141044002
141044002
141044002
141044001
141044001
141044001
141044001
141044001
141043999
141043999
141043999
141043999
141043998
141043998
141043998
141043998
141043998
141043997
141043997
141043997
141043997
141043997
141043996
141043996
141043996
141043995
141043995
141043995
141043995
141043995
141043994
141043994
141043994
141043994
141043994
141043993
141043993
141043993
141043993
141043993
141043992
141043992
141043992
141043991
141043991
141043991
141043991
141043991
141043990
141043990
141043990
141043990
141043989
141043989
141043989
141043989
141043989
141043988
141043988
141043988
141043988
141043987
141043987
141043987
141043987
141043940
141043940
141043940
141043922
141043922
141043922
141043920
141043920
141043920
141043887
141043887
141043887
141043887
141043885
141043885
141043885
141043885
141043885
141043883
141043883
141043883
141043883
141043883
141043881
141043881
141043881
141043881
141043881
141043879
141043879
141043879
141043879
141043879
141043878
141043878
141043878
141043878
141043877
141043877
141043877
141043877
141043870
141043870
141043870
141043869
141043869
141043868
141043868
141043867
141043867
141043867
141043866
141043866
141043783
141043783
141043783
141043782
141043782
141043782
141043716
141043716
141043716
141043716
141043715
141043715
141043715
141043715
141043715
141043714
141043714
141043714
141043714
141043713
141043713
141043713
141043713
141043713
141043712
141043712
141043712
141043712
141043712
141043711
141043711
141043711
141043711
141043711
141043710
141043710
141043710
141043710
141043709
141043709
141043709
141043709
141043708
141043708
141043708
141043708
141043708
141043707
141043707
141043707
141043707
141043706
141043706
141043706
141043706
141043705
141043705
141043705
141043705
141043705
141043704
141043704
141043704
141043704
141043704
141043703
141043703
141043703
141043703
141043703
141043702
141043702
141043702
141043702
141043702
141043701
141043701
141043701
141043701
141043701
141043699
141043699
141043699
141043699
141043699
141043698
141043698
141043698
141043698
141043698
141043697
141043697
141043697
141043697
141043697
141043696
141043696
141043696
141043696
141043696
141043695
141043695
141043695
141043695
141043695
141043694
141043694
141043694
141043694
141043694
141043693
141043693
141043693
141043693
141043693
141043692
141043692
141043692
141043692
141043692
141043691
141043691
141043691
141043691
141043690
141043690
141043690
141043690
141043689
141043689
141043689
141043689
141043688
141043688
141043688
141043688
141043688
141043687
141043687
141043687
141043687
141043686
141043686
141043686
141043686
141043685
141043685
141043685
141043684
141043684
141043684
141043684
141043683
141043683
141043683
141043683
141043682
141043682
141043682
141043682
141043682
141043681
141043681
141043681
141043681
141043680
141043680
141043680
141043680
141043680
141043671
141043671
141043671
141043670
141043670
141043670
141043670
141043670
141043669
141043669
141043669
141043669
141043669
141043668
141043668
141043668
141043668
141043667
141043667
141043667
141043667
141043667
141043666
141043666
141043666
141043665
141043665
141043665
141043665
141043665
141043664
141043664
141043664
141043664
141043663
141043663
141043663
141043663
141043663
141043662
141043662
141043662
141043662
141043661
141043661
141043661
141043661
141043660
141043660
141043660
141043660
141043660
141043659
141043659
141043659
141043659
141043659
141043658
141043658
141043658
141043658
141043657
141043657
141043657
141043657
141043657
141043656
141043656
141043656
141043656
141043656
141043655
141043655
141043655
141043655
141043654
141043654
141043654
141043653
141043653
141043653
141043653
141043653
141043652
141043652
141043652
141043652
141043651
141043651
141043651
141043651
141043650
141043650
141043650
141043650
141043649
141043649
141043649
141043649
141043648
141043648
141043648
141043648
141043648
141043647
141043647
141043647
141043647
141043576
141043576
141043576
141043576
141043576
141043574
141043574
141043574
141043574
141043573
141043573
141043573
141043573
141043572
141043572
141043572
141043572
141043571
141043571
141043571
141043571
141043571
141043570
141043570
141043570
141043570
141043570
141043569
141043569
141043569
141043569
141043569
141043568
141043568
141043568
141043568
141043567
141043567
141043567
141043567
141043567
141043566
141043566
141043566
141043566
141043565
141043565
141043565
141043565
141043564
141043564
141043564
141043564
141043563
141043563
141043563
141043563
141043562
141043562
141043562
141043562
141043562
141043561
141043561
141043561
141043561
141043561
141043560
141043560
141043560
141043560
141043560
141043559
141043559
141043559
141043559
141043559
141043558
141043558
141043558
141043558
141043558
141043557
141043557
141043557
141043557
141043557
141043556
141043556
141043556
141043556
141043556
141043555
141043555
141043555
141043555
141043555
141043554
141043554
141043554
141043554
141043553
141043553
141043553
141043552
141043552
141043552
141043552
141043551
141043551
141043551
141043551
141043550
141043550
141043550
141043550
141043549
141043549
141043549
141043549
141043549
141043548
141043548
141043548
141043548
141043547
141043547
141043547
141043546
141043546
141043546
141043545
141043545
141043545
141043545
141031749
141031749
141031749
141031723
141031723
141031723
141031722
141031722
141031722
141031721
141031721
141031721
141031720
141031720
141031720
141031719
141031719
141031719
141031490
141031490
141031490
141031488
141031488
141031488
141031488
141031486
141031486
141031486
141031486
141031484
141031484
141031484
141031484
141031482
141031482
141031482
141031482
141031482
141031480
141031480
141031480
141031480
141031480
141031478
141031478
141031478
141031478
141031478
141031476
141031476
141031476
141031476
141031476
141031473
141031473
141031473
141031473
141031473
141031471
141031471
141031471
141031471
141031469
141031469
141031469
141031469
141031469
141031467
141031467
141031467
141031465
141031465
141031465
141031465
141031465
141031463
141031463
141031463
141031461
141031461
141031461
141031461
141031461
141031459
141031459
141031459
141031459
141031459
141031457
141031457
141031457
141031457
141031455
141031455
141031455
141031455
141031453
141031453
141031453
141031453
141031451
141031451
141031451
141031451
141031451
141031449
141031449
141031449
141031449
141031447
141031447
141031447
141031445
141031445
141031445
141031401
141031401
141031401
141031393
141031393
141031393
141031391
141031391
141023610
141023610
141023609
141023609
141013684
141013684
141013684
141013662
141013662
141013662
141013252
141013252
141013250
141013250
141013249
141013249
141013248
141013248
141013243
141013243
141013242
141013242
141013241
141013241
141013240
141013240
141011574
141011574
141011571
141011571
141005677
141005677
141005677
141005676
141005676
141005676
141005676
141005673
141005673
141005663
141005663
141005663
141005660
141005660
141005659
141005659
141005659
141005658
141005658
141005658
141005657
141005657
141005657
141005646
141005646
141005640
141005640
141005640
141004398
141004398
141004328
141004328
141000047
141000047
140989311
140989311
140989311
140989287
140989287
140989287
140989284
140989284
140989250
140989250
140989250
140989237
140989237
140989237
140989236
140989236
140989236
140989227
140989227
140989227
140989211
140989211
140989211
140974507
140974507
140959695
140959695
140959570
140959570
140958902
140958902
140958902
140958896
140958896
140958896
140958884
140958884
140958884
140958881
140958881
140958880
140958880
140958880
140958877
140958877
140958877
140958856
140958856
140958856
140939938
140939938
140939938
140939936
140939936
140939936
140939916
140939916
140939916
140939911
140939911
140939911
140939910
140939910
140939910
140939882
140939882
140939881
140939881
140939880
140939880
140939880
140939879
140939879
140939879
140939878
140939878
140939878
140939877
140939877
140939874
140939874
140939874
140939873
140939873
140939873
140939872
140939872
140939872
140939872
140939871
140939871
140939871
140939863
140939863
140939863
140939847
140939847
140939847
140939846
140939846
140939846
140939841
140939841
140939841
140939840
140939840
140924939
140924939
140913758
140913758
140913758
140913741
140913741
140913740
140913740
140913739
140913739
140913739
140913736
140913736
140913736
140913735
140913735
140913735
140913734
140913734
140913734
140913730
140913730
140913730
140913730
140913724
140913724
140913724
140913720
140913720
140913720
140913717
140913717
140913717
140913714
140913714
140913714
140913714
140913714
140913704
140913704
140913704
140913701
140913701
140913701
140913701
140913701
140913699
140913699
140913699
140913698
140913698
140913698
140913697
140913697
140913697
140913696
140913696
140913696
140913695
140913695
140913695
140913694
140913694
140913694
140913694
140913693
140913693
140913693
140913693
140913687
140913687
140913687
140913686
140913686
140913670
140913670
140913670
140913669
140913669
140913669
140913568
140913568
140913568
140913567
140913567
140913567
140913560
140913560
140913560
140913559
140913559
140913559
140913558
140913558
140913558
140913557
140913557
140913557
140913555
140913555
140913555
140913553
140913553
140913553
140913540
140913540
140913540
140913539
140913539
140913539
140913538
140913538
140913538
140913537
140913537
140913537
140913536
140913536
140913535
140913535
140913534
140913534
140913533
140913533
140913533
140913529
140913529
140913529
140913525
140913525
140913525
140913524
140913524
140913502
140913502
140913502
140886906
140886906
140886906
140875747
140875747
140875747
140875746
140875746
140875746
140875745
140875745
140875745
140875702
140875702
140875702
140875701
140875701
140875701
140875699
140875699
140875699
140875695
140875695
140875695
140875687
140875687
140875687
140875686
140875686
140875685
140875685
140875685
140873838
140873838
140873838
140873787
140873787
140873787
140873786
140873786
140873786
140873785
140873785
140873785
140839152
140839152
140839152
140839147
140839147
140839147
140839122
140839122
140839115
140839115
140839115
140838899
140838899
140838899
140838899
140838898
140838898
140838898
140838882
140838882
140838882
140838882
140726519
140726519
140726519
140726516
140726516
140726516
140591720
140591720
140591720
140591702
140591702
140591702
140394027
140394027
140394027
140393376
140393376
140393376
140393358
140393358
140393358
140393355
140393355
140393355
140393352
140393352
140393352
140191603
140191603
140191603
140191603
140172069
140172069
140172069
140172069
140172069
140172069
140172052
140172052
140172052
140172052
140172052
139991491
139991491
139991491
139991491
139638111
139638111
139638111
139638111
139638111
139363198
139363198
139363198
139363194
139363194
139363194
139363194
139324514
139324514
139324514
139324514
139324514
139324514
139270269
139270269
139270269
139270269
139270269
138568011
138568011
138568011
137897724
137897724
137897724
137897724
136517209
136517209
136517209
136517209
136352250
136352250
136352250
136352250
136328419
136328419
136328419
136328419
136328419
136297987
136297987
136297987
136297987
136297987
136297986
136297986
136297986
136297986
136297986
136297985
136297985
136297985
136297985
136297985
136297981
136297981
136297981
136297981
136297981
136297979
136297979
136297979
136297979
136297979
136297977
136297977
136297977
136297977
136297977
136297974
136297974
136297974
136297974
136297974
136297973
136297973
136297973
136297973
136297973
136297972
136297972
136297972
136297972
136297972
136297970
136297970
136297970
136297970
136297970
136297966
136297966
136297966
136297966
136297965
136297965
136297965
136297965
136297963
136297963
136297963
136297963
136297963
136297960
136297960
136297960
136297960
136297960
136297959
136297959
136297959
136297959
136297959
136297953
136297953
136297953
136297953
136297953
136297951
136297951
136297951
136297951
136297951
136297948
136297948
136297948
136297948
136297948
136297946
136297946
136297946
136297946
136297946
136297943
136297943
136297943
136297943
136297943
136297943
136297942
136297942
136297942
136297942
136297942
136297936
136297936
136297936
136297936
136297936
136297933
136297933
136297933
136297933
136297933
135206051
135206051
135206051
135206051
135206051
135206051
135206051
135206051
135206049
135206049
135206049
135206049
135206049
135206049
135206049
135206049
135206046
135206046
135206046
135206046
135206046
135206046
135206046
135206046
135206045
135206045
135206045
135206045
135206045
135206045
135206045
135205960
135205960
135205960
135205960
135205960
135205960
135205960
135205960
135205955
135205955
135205955
135205955
135205955
135205955
135205955
135205955
135205951
135205951
135205951
135205951
135205951
135205951
135205951
135205951
135205940
135205940
135205940
135205940
135205940
135205940
135205940
135205940
135205931
135205931
135205931
135205931
135205931
135205931
135205931
135205931
133312772
133312772
133312772
133312772
133312772
133312772
133312772
133312772
132197067
132197067
132197067
132197067
132197067
132197067
132197067
132197067
132197067
132197055
132197055
132197055
132197055
132197055
132197055
132197055
132197055
131439993
131439993
131439993
131439993
131439993
131439993
131439993
131439993
131439885
131439885
131439885
131439885
131439885
131439885
131439885
131439885
124403509
124403509
